# konstanter, sammanställning

G = 6.6753e-11          #co.G       (m3/kgs2)
k_B = 1.380649e-23      #co.k_B     (J/K)
c = 299792458           #co.c       (m/s)
hbar = 1.05457182e-34   #co.hbar    (Js)
h = 6.62607015e-34      #co.h       (Js)
sigma = 5.670367e-08    #co.sigma_sb    (W/K4m2)

pi = np.pi

# test hej